# Created by Octave 4.0.0, Sat Apr 09 11:16:36 2016 GMT Daylight Time <unknown@PG-NW253-449CCA>
# name: classificationErrorsEpsilonAfterPruning
# type: scalar
804


# name: classificationErrors
# type: scalar
804


